1.309728145599365234e+00
1.714082956314086914e+00
1.087325811386108398e+00
7.799029350280761719e-01
1.004071235656738281e+00
8.852324485778808594e-01
8.782579898834228516e-01
1.435715436935424805e+00
1.263169765472412109e+00
1.943543672561645508e+00
1.242556095123291016e+00
1.004523992538452148e+00
2.806892871856689453e+00
5.996595859527587891e+00
2.263729810714721680e+00
1.379851579666137695e+00
1.981027364730834961e+00
1.740752696990966797e+00
2.527900695800781250e+00
1.912058591842651367e+00
2.925156593322753906e+00
2.563821792602539062e+00
2.948484897613525391e+00
2.652686834335327148e+00
4.126235246658325195e+00
3.215793132781982422e+00
3.609988451004028320e+00
3.612843275070190430e+00
2.934177160263061523e+00
2.285696506500244141e+00
2.805439233779907227e+00
2.291539907455444336e+00
1.649123191833496094e+00
1.552974700927734375e+00
1.307964754104614258e+01
1.289892077445983887e+01
1.252239894866943359e+01
1.152000665664672852e+01
9.752675533294677734e+00
6.884498119354248047e+00
7.675547838211059570e+00
6.668707847595214844e+00
6.382216691970825195e+00
5.562129974365234375e+00
1.620921134948730469e+00
1.562464237213134766e+00
9.738413572311401367e+00
9.637053728103637695e+00
1.000718140602111816e+01
1.010811853408813477e+01
6.838973522186279297e+00
7.073164224624633789e+00
7.498669385910034180e+00
6.530335187911987305e+00
6.979878664016723633e+00
7.321095228195190430e+00
3.248662710189819336e+00
3.063675403594970703e+00
