2.064777851104736328e+00
1.821810960769653320e+00
5.200232028961181641e+00
2.266775846481323242e+00
2.108876705169677734e+00
2.092472314834594727e+00
2.097799062728881836e+00
2.117362737655639648e+00
1.595384120941162109e+00
1.336315393447875977e+00
1.730799436569213867e+00
1.420848369598388672e+00
2.657122611999511719e+00
3.971653699874877930e+00
3.342170476913452148e+00
2.383809804916381836e+00
2.380174160003662109e+00
2.793946027755737305e+00
2.862762212753295898e+00
2.735662937164306641e+00
2.278493642807006836e+00
2.209805727005004883e+00
2.307189226150512695e+00
2.723776817321777344e+00
3.116593360900878906e+00
4.457737445831298828e+00
4.100961208343505859e+00
3.559933185577392578e+00
3.554405450820922852e+00
4.101824283599853516e+00
3.401513576507568359e+00
3.849541187286376953e+00
3.647785186767578125e+00
3.329793930053710938e+00
3.967136859893798828e+00
3.344324111938476562e+00
7.936634063720703125e+00
6.579703807830810547e+00
7.586641073226928711e+00
6.733918428421020508e+00
7.795076847076416016e+00
9.827109575271606445e+00
9.213275194168090820e+00
9.206499338150024414e+00
4.655718803405761719e+00
4.924968004226684570e+00
4.619484663009643555e+00
5.003497362136840820e+00
2.458273911476135254e+01
2.326854014396667480e+01
2.229985213279724121e+01
2.229714441299438477e+01
1.685087442398071289e+01
1.717403316497802734e+01
1.772656655311584473e+01
1.718454194068908691e+01
5.193132400512695312e+00
4.968822240829467773e+00
