1.840507268905639648e+00
2.151940107345581055e+00
1.860855102539062500e+00
1.737018108367919922e+00
1.426214218139648438e+00
1.697879076004028320e+00
1.428585529327392578e+00
1.641230821609497070e+00
1.793582201004028320e+00
1.331855773925781250e+00
1.690181255340576172e+00
1.441269636154174805e+00
3.238575458526611328e+00
3.503783941268920898e+00
3.342021703720092773e+00
2.462310552597045898e+00
3.186966657638549805e+00
2.902888298034667969e+00
2.385792970657348633e+00
3.285505294799804688e+00
2.995127201080322266e+00
2.662889480590820312e+00
2.831385135650634766e+00
1.987452507019042969e+00
4.730094909667968750e+00
4.427478313446044922e+00
4.355514287948608398e+00
4.119781970977783203e+00
4.069728374481201172e+00
3.897149085998535156e+00
3.867695808410644531e+00
4.084602117538452148e+00
4.050616264343261719e+00
3.996171474456787109e+00
3.715041160583496094e+00
3.698576211929321289e+00
5.979358911514282227e+00
6.980621099472045898e+00
6.877797126770019531e+00
6.383408069610595703e+00
8.369508266448974609e+00
8.710546493530273438e+00
8.207596302032470703e+00
7.645175933837890625e+00
6.354154348373413086e+00
6.255815982818603516e+00
6.107547044754028320e+00
5.851308584213256836e+00
5.450561046600341797e+00
5.092344045639038086e+00
1.822556996345520020e+01
2.075800490379333496e+01
2.086354303359985352e+01
1.951383042335510254e+01
1.389455080032348633e+01
1.598405528068542480e+01
1.729140377044677734e+01
1.707386517524719238e+01
