2.033218383789062500e+00
1.816818475723266602e+00
1.474071264266967773e+00
1.241528272628784180e+00
1.841901302337646484e+00
1.181105613708496094e+00
1.918709754943847656e+00
1.503601789474487305e+00
1.278506517410278320e+00
1.451088905334472656e+00
1.057108402252197266e+00
1.060412168502807617e+00
3.001447200775146484e+00
1.694648742675781250e+00
1.606072425842285156e+00
1.532038927078247070e+00
1.542839765548706055e+00
1.781810760498046875e+00
2.073201417922973633e+00
1.699340343475341797e+00
3.390413999557495117e+00
3.123834371566772461e+00
3.400127649307250977e+00
3.816508054733276367e+00
5.042093276977539062e+00
4.775764465332031250e+00
4.721257925033569336e+00
4.840937614440917969e+00
2.670947313308715820e+00
2.239726305007934570e+00
2.689710378646850586e+00
2.893789529800415039e+00
1.242647409439086914e+00
1.268593072891235352e+00
1.649139642715454102e+00
1.285925865173339844e+00
1.019610381126403809e+01
9.321804761886596680e+00
9.523616790771484375e+00
8.817044019699096680e+00
6.590539932250976562e+00
6.326650619506835938e+00
6.451701879501342773e+00
5.817404985427856445e+00
5.475415945053100586e+00
5.294595241546630859e+00
1.157941436767578125e+01
1.046394848823547363e+01
1.143234205245971680e+01
1.371959257125854492e+01
1.236972498893737793e+01
1.071740770339965820e+01
1.362544751167297363e+01
1.126537966728210449e+01
1.043974971771240234e+01
1.036224985122680664e+01
2.298299789428710938e+00
2.992511510848999023e+00
