1.345691919326782227e+00
1.785597085952758789e+00
1.958813190460205078e+00
1.288516998291015625e+00
1.761358499526977539e+00
9.528234004974365234e-01
1.375175237655639648e+00
1.570030450820922852e+00
2.196071386337280273e+00
1.222532510757446289e+00
1.038805484771728516e+00
1.084511041641235352e+00
3.898965358734130859e+00
3.773009538650512695e+00
2.609284162521362305e+00
2.858821153640747070e+00
2.738361120223999023e+00
2.624536037445068359e+00
2.776730537414550781e+00
2.598236799240112305e+00
4.773612022399902344e+00
4.004260540008544922e+00
5.418037176132202148e+00
3.942844629287719727e+00
6.888583898544311523e+00
5.790290594100952148e+00
6.804908275604248047e+00
6.595095634460449219e+00
3.937671422958374023e+00
3.717100620269775391e+00
3.998937129974365234e+00
3.958879232406616211e+00
1.591784715652465820e+00
2.342244625091552734e+00
2.531641006469726562e+00
1.604246139526367188e+00
8.939942359924316406e+00
8.576856613159179688e+00
8.646404266357421875e+00
8.031102418899536133e+00
5.492008924484252930e+00
5.757874488830566406e+00
5.890156030654907227e+00
5.226975917816162109e+00
3.352459669113159180e+00
3.083281517028808594e+00
2.540633440017700195e+00
3.072521686553955078e+00
1.763550782203674316e+01
1.661485767364501953e+01
1.656309890747070312e+01
1.594168138504028320e+01
8.365551471710205078e+00
1.270840620994567871e+01
1.623900580406188965e+01
1.607963871955871582e+01
1.227228164672851562e+01
1.227402138710021973e+01
